49755781
27011229
26942050
23378396
50737023
32079960
27980657
34200652
23049278
50620769
50624656
50574008
50334152
50088530
49654884
23819007
29910774
33255013
20958887
35461941
26636260
26024602
21093480
27951667
33646570
20368410
29265587
46892279
49229526
21263034
31792789
20489216
24296470
48854553
46518677
35237324
47491598
28544155
31373023
42256682
34853930
30201428
31092804
29925879
46713360
31145990
22180137
47329392
41854964
24862754
28511503
28058253
31201870
28336544
22512309
27293467
28520168
23913984
46734883
23268622
46663442
20398812
46297543
20124499
19900238
23453607
46320784
22211032
33488791
40210709
22862594
21471960
27621722
26716417
28569572
45396911
44742210
32188986
44630502
28838507
34565928
28557233
31999243
40946583
21988321
31091233
39184872
21596048
24298789
20810644
30770510
28433638
30487688
39224010
21437244
26729743
21857143
20177797
37735955
37081646
39814154
37865000
36717858
30178506
39708612
39619330
34119971
39536971
39515759
37940173
39484718
38776976
32051311
36960036
39448545
37016043
38988969
37788243
39418607
39432369
39423490
37844873
29372574
21934001
33643084
39394224
39395526
39276480
39188977
39299070
39324720
39273262
39246676
39363641
39371646
39377414
38624160
38182665
26772255
38192299
37637366
37528104
29311492
20533837
37193817
31189425
30329393
23844578
37475475
35811067
37429450
22160051
36132174
22119753
37090447
37090472
36966208
24611421
36870496
34398090
36180948
36280350
23444414
36348611
35727570
19844498
35112627
34250876
33457958
32074399
24074456
28626263
24945458
30956090
30299935
30241968
24114669
30281012
29138020
23234538
28667367
19893962
21879482
29649826
29461143
29084886
20136746
29010439
29200083
29311235
28658929
19738055
27606060
28890809
25394912
29061672
29013479
20451849
20683851
28800253
28826689
28737728
19864551
20044258
27006591
25376616
28854480
28834538
28704321
28481864
28752322
28606284
24205125
28672128
22718672
28619328
28661987
28648991
21514839
28541554
22090468
28616336
28628378
28543312
28480986
28184567
28425576
28404866
28278308
27137107
28340885
28200714
28179045
28342142
28154442
28254709
22625187
28185284
28201472
28212170
27371440
19984714
27625134
27971326
28104169
27856562
28010519
27720262
27703818
27720699
27791382
27972307
27832076
27936593
27936550
27683361
27850475
20116370
26235428
27690970
20659431
27932589
27738528
27931682
27794207
27636589
27722576
27702114
27730482
27650481
21160214
27705843
27603040
27705220
27488517
27486883
27702921
27640939
27418267
20406019
27529957
27334260
20996631
27252710
26964184
27232517
19998865
26790614
19555512
27231651
21358581
20842704
20299906
25654738
20184857
21324974
19921935
19927564
27083012
23032214
26980862
26878588
26956100
26978267
26920235
26896602
26760709
26939502
26923121
26961831
23061570
19862349
26928687
20506670
26743347
26820817
26844390
20890735
20899988
23534399
20921841
19945685
26618565
26815182
26761055
26779740
26713170
26754760
21100397
26687642
26741109
26712819
26675317
26705900
23444019
26719123
20416520
26701054
26697856
26670266
26706643
26654111
26644048
19883438
26594582
22056760
26647403
26646049
26635856
26658046
26640851
26662280
26591644
26655174
25946113
26611391
26606388
26582290
21180320
26380791
26612872
26563105
26574321
26014277
26039287
26072270
26489725
23452199
26531041
26585497
26549167
26565362
26554896
26557106
26562140
26564635
26500262
26561498
26437323
26530769
26542536
26507298
26473887
26505247
26488512
19733999
20035231
20037244
26429846
19586465
26460849
26392039
26097207
26417244
26381561
26406260
26239412
26343609
26225625
26029122
26156968
26156364
22244477
23703218
23278870
26058891
26191377
22295122
22690292
21888681